        1111
1001001001001001001
   1.0000000000000000     
1001001001001000110
  -3.0000000000000009     
1001001001000110001
  -3.0000000000000009     
1001001000110001001
  -3.0000000000000009     
1001000110001001001
  -3.0000000000000009     
1000110001001001001
  -3.0000000000000009     
0110001001001001001
  -3.0000000000000009     
1001001000110000110
   9.0000000000000053     
1001000110001000110
   9.0000000000000053     
1000110001001000110
   9.0000000000000053     
0110001001001000110
   9.0000000000000053     
1001000110000110001
   9.0000000000000053     
1000110001000110001
   9.0000000000000053     
0110001001000110001
   9.0000000000000053     
1000110000110001001
   9.0000000000000053     
0110001000110001001
   9.0000000000000053     
0110000110001001001
   9.0000000000000053     
1001001001000101010
   6.0000000000000044     
1001001000101010001
   6.0000000000000044     
1001000101010001001
   6.0000000000000044     
1000101010001001001
   6.0000000000000044     
0101010001001001001
   6.0000000000000044     
1000110000110000110
  -27.000000000000014     
0110001000110000110
  -27.000000000000014     
0110000110001000110
  -27.000000000000014     
0110000110000110001
  -27.000000000000014     
1001000110000101010
  -18.000000000000018     
1000110001000101010
  -18.000000000000018     
0110001001000101010
  -18.000000000000018     
1001000101010000110
  -18.000000000000018     
1000101010001000110
  -18.000000000000018     
0101010001001000110
  -18.000000000000018     
1000110000101010001
  -18.000000000000018     
0110001000101010001
  -18.000000000000018     
1000101010000110001
  -18.000000000000018     
0101010001000110001
  -18.000000000000018     
0110000101010001001
  -18.000000000000018     
0101010000110001001
  -18.000000000000018     
1001001000101001010
  -12.000000000000011     
1001000101001010001
  -12.000000000000011     
1000101001010001001
  -12.000000000000011     
0101001010001001001
  -12.000000000000011     
1001001001000011100
  -15.000000000000011     
1001001000011100001
  -15.000000000000011     
1001000011100001001
  -15.000000000000011     
1000011100001001001
  -15.000000000000011     
0011100001001001001
  -15.000000000000011     
0110000110000101010
   54.000000000000028     
0110000101010000110
   54.000000000000028     
0101010000110000110
   54.000000000000028     
1001001000100110010
  -9.0000000000000107     
1000110000101001010
   36.000000000000036     
0110001000101001010
   36.000000000000036     
1000101010000101010
   36.000000000000050     
0101010001000101010
   36.000000000000050     
1000101001010000110
   36.000000000000036     
0101001010001000110
   36.000000000000036     
1001000100110010001
  -9.0000000000000107     
0110000101001010001
   36.000000000000036     
0101010000101010001
   36.000000000000050     
0101001010000110001
   36.000000000000036     
1000100110010001001
  -9.0000000000000107     
0100110010001001001
  -9.0000000000000107     
1001000110000011100
   45.000000000000050     
1000110001000011100
   45.000000000000050     
0110001001000011100
   45.000000000000050     
1001000011100000110
   45.000000000000050     
1000011100001000110
   45.000000000000050     
0011100001001000110
   45.000000000000050     
1000110000011100001
   45.000000000000050     
0110001000011100001
   45.000000000000050     
1000011100000110001
   45.000000000000050     
0011100001000110001
   45.000000000000050     
0110000011100001001
   45.000000000000050     
0011100000110001001
   45.000000000000050     
1001000101001001010
   24.000000000000032     
1000101001001010001
   24.000000000000032     
0101001001010001001
   24.000000000000032     
1001001000100101100
   27.000000000000018     
1001001000011010010
   27.000000000000018     
1000110000100110010
   27.000000000000028     
0110001000100110010
   27.000000000000028     
1000100110010000110
   27.000000000000032     
0100110010001000110
   27.000000000000032     
1001000100101100001
   27.000000000000018     
1001000011010010001
   27.000000000000018     
0110000100110010001
   27.000000000000028     
0100110010000110001
   27.000000000000032     
1000100101100001001
   27.000000000000018     
1000011010010001001
   27.000000000000018     
0100101100001001001
   27.000000000000018     
0011010010001001001
   27.000000000000018     
0110000110000011100
  -135.00000000000011     
0110000011100000110
  -135.00000000000011     
0011100000110000110
  -135.00000000000011     
1001000101000110010
   18.000000000000025     
1001000100110001010
   18.000000000000025     
0110000101001001010
  -72.000000000000057     
0101010000101001010
  -72.000000000000085     
0101001010000101010
  -72.000000000000071     
0101001001010000110
  -72.000000000000057     
1000101000110010001
   18.000000000000025     
1000100110001010001
   18.000000000000025     
0101000110010001001
   18.000000000000025     
0100110001010001001
   18.000000000000025     
1000101010000011100
  -90.000000000000128     
0101010001000011100
  -90.000000000000128     
1000011100000101010
  -90.000000000000128     
0011100001000101010
  -90.000000000000128     
0101010000011100001
  -90.000000000000128     
0011100000101010001
  -90.000000000000128     
1000101001001001010
  -48.000000000000064     
0101001001001010001
  -48.000000000000064     
1001001000011001100
  -5.9999999999999956     
1000110000100101100
  -81.000000000000099     
0110001000100101100
  -81.000000000000099     
1000110000011010010
  -81.000000000000099     
0110001000011010010
  -81.000000000000099     
1000100101100000110
  -81.000000000000099     
1000011010010000110
  -81.000000000000099     
0100101100001000110
  -81.000000000000099     
0011010010001000110
  -81.000000000000099     
1001000011001100001
  -5.9999999999999956     
0110000100101100001
  -81.000000000000099     
0110000011010010001
  -81.000000000000099     
0100101100000110001
  -81.000000000000099     
0011010010000110001
  -81.000000000000099     
1000011001100001001
  -5.9999999999999956     
0011001100001001001
  -5.9999999999999956     
1001000101000101100
  -54.000000000000071     
0110000101000110010
  -54.000000000000028     
0101010000100110010
  -54.000000000000064     
1001000011010001010
  -54.000000000000064     
0110000100110001010
  -54.000000000000028     
0100110010000101010
  -54.000000000000071     
0101000110010000110
  -54.000000000000036     
0100110001010000110
  -54.000000000000036     
1000101000101100001
  -54.000000000000071     
1000011010001010001
  -54.000000000000064     
0101000101100001001
  -54.000000000000071     
0011010001010001001
  -54.000000000000064     
1001000100101010010
  -36.000000000000036     
1000101001000110010
  -36.000000000000057     
1000101000110001010
  -36.000000000000078     
1000100110001001010
  -36.000000000000057     
1000100101010010001
  -36.000000000000036     
0101001000110010001
  -36.000000000000057     
0101000110001010001
  -36.000000000000078     
0100110001001010001
  -36.000000000000057     
0100101010010001001
  -36.000000000000036     
1001001000010110100
  -45.000000000000036     
1000110000011001100
   18.000000000000014     
0110001000011001100
   18.000000000000014     
0101001010000011100
   180.00000000000017     
0011100000101001010
   180.00000000000017     
1000011001100000110
   18.000000000000014     
0011001100001000110
   18.000000000000014     
1001000010110100001
  -45.000000000000036     
0110000011001100001
   18.000000000000014     
0011001100000110001
   18.000000000000014     
1000010110100001001
  -45.000000000000036     
0010110100001001001
  -45.000000000000036     
1000011100000011100
   225.00000000000034     
0011100001000011100
   225.00000000000034     
0011100000011100001
   225.00000000000034     
0101001001001001010
   96.000000000000085     
0110000101000101100
   162.00000000000020     
0101010000100101100
   162.00000000000028     
0101010000011010010
   162.00000000000028     
0110000011010001010
   162.00000000000020     
0100101100000101010
   162.00000000000026     
0011010010000101010
   162.00000000000026     
0101000101100000110
   162.00000000000020     
0011010001010000110
   162.00000000000020     
1001000100101001100
  -27.000000000000036     
1000101001000101100
   108.00000000000014     
1001000011001010010
  -27.000000000000039     
0110000100101010010
   108.00000000000007     
1000100110000110010
  -27.000000000000046     
1000011010001001010
   108.00000000000014     
0100101010010000110
   108.00000000000007     
1000100101001100001
  -27.000000000000036     
0101001000101100001
   108.00000000000014     
1000011001010010001
  -27.000000000000039     
0100110000110010001
  -27.000000000000046     
0011010001001010001
   108.00000000000014     
0100101001100001001
  -27.000000000000036     
0011001010010001001
  -27.000000000000039     
1000110000010110100
   135.00000000000017     
0110001000010110100
   135.00000000000017     
0100110010000011100
   135.00000000000023     
0011100000100110010
   135.00000000000017     
1000010110100000110
   135.00000000000014     
0010110100001000110
   135.00000000000014     
0110000010110100001
   135.00000000000017     
0010110100000110001
   135.00000000000014     
1000101000101010010
   72.000000000000142     
0101001001000110010
   72.000000000000043     
1000100101010001010
   72.000000000000128     
0101001000110001010
   72.000000000000114     
0101000110001001010
   72.000000000000114     
0100110001001001010
   72.000000000000085     
0101000101010010001
   72.000000000000142     
0100101010001010001
   72.000000000000128     
0101010000011001100
  -36.000000000000043     
1001000100011100010
  -36.000000000000028     
0011001100000101010
  -36.000000000000057     
1000100011100010001
  -36.000000000000028     
0100011100010001001
  -36.000000000000028     
1001000100100110100
   81.000000000000128     
1001000011001001100
   111.00000000000013     
0110000100101001100
   81.000000000000099     
1000100110000101100
   81.000000000000142     
1001000010110010010
   81.000000000000114     
0110000011001010010
   81.000000000000099     
1000011010000110010
   81.000000000000128     
0100101001100000110
   81.000000000000099     
0011001010010000110
   81.000000000000099     
1000100100110100001
   81.000000000000128     
1000011001001100001
   111.00000000000013     
0100110000101100001
   81.000000000000142     
1000010110010010001
   81.000000000000114     
0011010000110010001
   81.000000000000128     
0100100110100001001
   81.000000000000128     
0011001001100001001
   111.00000000000013     
0010110010010001001
   81.000000000000114     
0011100000100101100
  -405.00000000000057     
0100101100000011100
  -405.00000000000057     
0011010010000011100
  -405.00000000000057     
0011100000011010010
  -405.00000000000057     
1001001000001111000
   105.00000000000010     
1001000001111000001
   105.00000000000010     
1000001111000001001
   105.00000000000010     
0001111000001001001
   105.00000000000010     
1000101000101001100
   54.000000000000092     
0101001001000101100
  -216.00000000000023     
0101000110000110010
   54.000000000000085     
0100110001000110010
   54.000000000000057     
1000011001010001010
   54.000000000000092     
0100110000110001010
   54.000000000000092     
0011010001001001010
  -216.00000000000020     
0101000101001100001
   54.000000000000092     
0011001010001010001
   54.000000000000092     
0101010000010110100
  -270.00000000000045     
0110000100011100010
   108.00000000000014     
0010110100000101010
  -270.00000000000040     
0100011100010000110
   108.00000000000014     
1000100101001010010
   99.000000000000114     
0101001000101010010
  -144.00000000000020     
0101000101010001010
  -144.00000000000031     
0100101010001001010
  -144.00000000000017     
0100101001010010001
   99.000000000000114     
1001000100011010100
   72.000000000000057     
1001000011000110100
  -18.000000000000021     
0110000100100110100
  -243.00000000000031     
1001000010110001100
  -18.000000000000028     
0110000011001001100
  -333.00000000000045     
1000011010000101100
  -243.00000000000043     
1001000010101100010
   72.000000000000057     
1000101000011100010
   72.000000000000071     
0110000010110010010
  -243.00000000000026     
1000100011100001010
   72.000000000000057     
0100100110100000110
  -243.00000000000031     
0011001001100000110
  -333.00000000000045     
0010110010010000110
  -243.00000000000026     
1000100011010100001
   72.000000000000057     
1000011000110100001
  -18.000000000000021     
1000010110001100001
  -18.000000000000028     
0011010000101100001
  -243.00000000000043     
1000010101100010001
   72.000000000000057     
0101000011100010001
   72.000000000000071     
0100011100001010001
   72.000000000000057     
0100011010100001001
   72.000000000000057     
0011000110100001001
  -18.000000000000021     
0010110001100001001
  -18.000000000000028     
0010101100010001001
   72.000000000000057     
0011100000011001100
   90.000000000000114     
0011001100000011100
   90.000000000000114     
1000110000001111000
  -315.00000000000040     
0110001000001111000
  -315.00000000000040     
1000001111000000110
  -315.00000000000040     
0001111000001000110
  -315.00000000000040     
0110000001111000001
  -315.00000000000040     
0001111000000110001
  -315.00000000000040     
1000101000100110100
  -162.00000000000026     
0101000110000101100
  -162.00000000000017     
0100110001000101100
  -162.00000000000031     
0011010001000110010
  -162.00000000000020     
1000010110010001010
  -162.00000000000020     
0011010000110001010
  -162.00000000000017     
0101000100110100001
  -162.00000000000026     
0010110010001010001
  -162.00000000000020     
1000100101001001100
  -162.00000000000020     
0101001000101001100
  -108.00000000000013     
1000100100110010010
  -162.00000000000026     
1000011001001010010
  -162.00000000000026     
0100110000101010010
  -108.00000000000023     
0100101010000110010
  -108.00000000000023     
0011001010001001010
  -108.00000000000013     
0100101001001100001
  -162.00000000000020     
0100100110010010001
  -162.00000000000026     
0011001001010010001
  -162.00000000000026     
0110000100011010100
  -216.00000000000014     
0110000011000110100
   54.000000000000021     
0110000010110001100
   54.000000000000007     
0110000010101100010
  -216.00000000000014     
0100011010100000110
  -216.00000000000011     
0011000110100000110
   54.000000000000021     
0010110001100000110
   54.000000000000000     
0010101100010000110
  -216.00000000000011     
0011100000010110100
   675.00000000000114     
0010110100000011100
   675.00000000000102     
0101000101001010010
  -198.00000000000026     
0100101001010001010
  -198.00000000000026     
1001000010101010100
  -144.00000000000023     
1000101000011010100
  -144.00000000000023     
0011010001000101100
   486.00000000000057     
0101001000011100010
  -144.00000000000028     
1000010101100001010
  -144.00000000000023     
0101000011100001010
  -144.00000000000026     
0100011100001001010
  -144.00000000000026     
1000010101010100001
  -144.00000000000023     
0101000011010100001
  -144.00000000000023     
0010101100001010001
  -144.00000000000023     
0010101010100001001
  -144.00000000000023     
1001000100010111000
  -180.00000000000028     
1001000001110100010
  -180.00000000000028     
1000100010111000001
  -180.00000000000028     
1000001110100010001
  -180.00000000000028     
0100010111000001001
  -180.00000000000028     
0001110100010001001
  -180.00000000000028     
0101010000001111000
   630.00000000000125     
0001111000000101010
   630.00000000000125     
1000100101000110100
  -81.000000000000142     
0101001000100110100
   324.00000000000040     
1000100100110001100
   81.000000000000099     
1000011001001001100
  -69.000000000000185     
0100110000101001100
  -81.000000000000156     
0100101010000101100
   324.00000000000040     
1000100100101100010
  -81.000000000000142     
1000100011010010010
  -81.000000000000099     
1000011000110010010
   81.000000000000099     
1000010110001010010
  -81.000000000000099     
0011010000101010010
   324.00000000000040     
0011001010000110010
  -81.000000000000085     
0010110010001001010
   324.00000000000034     
0100101000110100001
  -81.000000000000142     
0100100110001100001
   81.000000000000099     
0011001001001100001
  -69.000000000000185     
0100100101100010001
  -81.000000000000142     
0100011010010010001
  -81.000000000000099     
0011000110010010001
   81.000000000000099     
0010110001010010001
  -81.000000000000099     
0101000101001001100
   324.00000000000045     
0101000100110010010
   324.00000000000051     
0100100110010001010
   324.00000000000045     
0011001001010001010
   324.00000000000045     
0110000010101010100
   432.00000000000063     
0100110000011100010
  -108.00000000000016     
0100011100000110010
  -108.00000000000010     
0010101010100000110
   432.00000000000051     
0110000100010111000
   540.00000000000057     
0110000001110100010
   540.00000000000057     
0100010111000000110
   540.00000000000057     
0001110100010000110
   540.00000000000057     
0100101001001010010
   153.00000000000037     
0101001000011010100
   288.00000000000045     
1000011001000110100
   333.00000000000063     
0100110000100110100
   243.00000000000051     
1000100011010001100
  -117.00000000000020     
1000011000110001100
  -153.00000000000014     
1000010110001001100
   333.00000000000051     
0011010000101001100
   243.00000000000037     
0011001010000101100
   243.00000000000048     
1000100011001100010
  -117.00000000000016     
1000011000101100010
  -117.00000000000017     
0010110010000110010
   243.00000000000037     
0010101100001001010
   288.00000000000045     
0011001000110100001
   333.00000000000063     
0100011010001100001
  -117.00000000000020     
0011000110001100001
  -153.00000000000014     
0010110001001100001
   333.00000000000051     
0100011001100010001
  -117.00000000000016     
0011000101100010001
  -117.00000000000017     
1001000010100111000
   45.000000000000057     
1000101000010111000
   360.00000000000068     
1001000010011100100
  -90.000000000000099     
1001000001110010100
   45.000000000000064     
1000001110100001010
   360.00000000000068     
1000010100111000001
   45.000000000000057     
0101000010111000001
   360.00000000000068     
1000010011100100001
  -90.000000000000099     
1000001110010100001
   45.000000000000064     
0001110100001010001
   360.00000000000068     
0010100111000001001
   45.000000000000057     
0010011100100001001
  -90.000000000000099     
0001110010100001001
   45.000000000000064     
0011100000001111000
  -1575.0000000000034     
0001111000000011100
  -1575.0000000000034     
1000100100101010100
   162.00000000000026     
0101000101000110100
   162.00000000000020     
0101000100110001100
  -162.00000000000028     
0101000100101100010
   162.00000000000031     
1000010101010010010
   162.00000000000026     
0101000011010010010
   162.00000000000031     
0100100101100001010
   162.00000000000037     
0100011010010001010
   162.00000000000026     
0011000110010001010
  -162.00000000000020     
0010110001010001010
   162.00000000000003     
0100100101010100001
   162.00000000000026     
0010101010010010001
   162.00000000000026     
0100011100000101100
   324.00000000000040     
0011010000011100010
   324.00000000000040     
0100101001001001100
   351.00000000000057     
0100101000110010010
   81.000000000000171     
0100100110001010010
   81.000000000000171     
0011001001001010010
   351.00000000000068     
0100110000011010100
   216.00000000000034     
1000010110000110100
  -54.000000000000142     
0011010000100110100
  -729.00000000000114     
0010110010000101100
  -729.00000000000102     
1000100010110100010
   216.00000000000034     
0010101100000110010
   216.00000000000028     
0010110000110100001
  -54.000000000000142     
0100010110100010001
   216.00000000000034     
1001000010011011000
   270.00000000000040     
0110000010100111000
  -135.00000000000006     
1001000001101100100
   270.00000000000040     
0110000010011100100
   270.00000000000006     
0110000001110010100
  -135.00000000000006     
0010100111000000110
  -135.00000000000000     
0010011100100000110
   270.00000000000006     
0001110010100000110
  -135.00000000000000     
1000010011011000001
   270.00000000000040     
1000001101100100001
   270.00000000000040     
0010011011000001001
   270.00000000000040     
0001101100100001001
   270.00000000000040     
1000100011001010100
   234.00000000000045     
1000011000101010100
   234.00000000000040     
1000010101010001100
   234.00000000000040     
0101000011010001100
   234.00000000000063     
1000010101001100010
   234.00000000000045     
0101000011001100010
   234.00000000000026     
0100011001100001010
   234.00000000000031     
0011000101100001010
   234.00000000000045     
0100011001010100001
   234.00000000000045     
0011000101010100001
   234.00000000000040     
0010101010001100001
   234.00000000000040     
0010101001100010001
   234.00000000000045     
0101001000010111000
  -720.00000000000114     
0001110100001001010
  -720.00000000000114     
0101000100101010100
  -324.00000000000057     
0100101001000110100
  -486.00000000000063     
0100101000110001100
   162.00000000000023     
0100100110001001100
  -648.00000000000125     
0011001001001001100
  -708.00000000000136     
0100101000101100010
   324.00000000000045     
0011001000110010010
  -648.00000000000114     
0100011010001010010
   324.00000000000045     
0011000110001010010
   162.00000000000011     
0010110001001010010
  -486.00000000000074     
0010101010010001010
  -324.00000000000045     
1000100100100111000
   162.00000000000037     
1000100100011100100
   162.00000000000034     
0011010000011010100
  -648.00000000000102     
0010101100000101100
  -648.00000000000091     
1000010011100010010
   162.00000000000031     
1000001110010010010
   162.00000000000020     
0100100100111000001
   162.00000000000037     
0100100011100100001
   162.00000000000034     
0010011100010010001
   162.00000000000031     
0001110010010010001
   162.00000000000020     
1001000001101011000
  -75.000000000000071     
0110000010011011000
  -810.00000000000114     
0110000001101100100
  -810.00000000000114     
0010011011000000110
  -810.00000000000114     
0001101100100000110
  -810.00000000000114     
1000001101011000001
  -75.000000000000071     
0001101011000001001
  -75.000000000000071     
0100100101010010010
  -162.00000000000045     
1000100010110010100
   108.00000000000017     
1000010100110100010
   108.00000000000017     
0101000010110100010
  -432.00000000000085     
0100010110100001010
  -432.00000000000074     
0100010110010100001
   108.00000000000017     
0010100110100010001
   108.00000000000017     
0100110000010111000
  -540.00000000000125     
0001110100000110010
  -540.00000000000102     
1000010101001010100
  -468.00000000000080     
0101000011001010100
  -468.00000000000080     
0100100110000110100
   243.00000000000048     
0011001001000110100
  -207.00000000000043     
0011001000110001100
   279.00000000000034     
0100011010001001100
  -387.00000000000017     
0011000110001001100
   279.00000000000034     
0010110001001001100
  -207.00000000000009     
0011001000101100010
  -387.00000000000040     
0010110000110010010
   243.00000000000057     
0010101001100001010
  -468.00000000000051     
0010101001010100001
  -468.00000000000080     
1000100100011011000
  -486.00000000000085     
1000100011000111000
  -81.000000000000171     
1000011000100111000
  -711.00000000000136     
1000011000011100100
  -35.999999999999986     
1000010011100001100
  -35.999999999999957     
1000001110010001100
  -711.00000000000136     
1000001110001100010
  -81.000000000000171     
1000001101100010010
  -486.00000000000097     
0100100011011000001
  -486.00000000000085     
0100011000111000001
  -81.000000000000171     
0011000100111000001
  -711.00000000000136     
0011000011100100001
  -35.999999999999986     
0010011100001100001
  -35.999999999999957     
0001110010001100001
  -711.00000000000136     
0001110001100010001
  -81.000000000000171     
0001101100010010001
  -486.00000000000097     
0110000001101011000
   225.00000000000026     
1000100001111000010
   225.00000000000054     
0001101011000000110
   225.00000000000026     
0100001111000010001
   225.00000000000054     
0100101000101010100
  -648.00000000000136     
0100100101010001100
  -324.00000000000045     
0100100101001100010
  -324.00000000000068     
0100011001010010010
  -324.00000000000063     
0011000101010010010
  -324.00000000000063     
0010101010001010010
  -648.00000000000102     
0101000100100111000
  -324.00000000000045     
1000100010101100100
  -324.00000000000051     
0101000100011100100
  -324.00000000000063     
1000010011010100010
  -324.00000000000057     
0010011100010001010
  -324.00000000000057     
0001110010010001010
  -324.00000000000017     
0100010101100100001
  -324.00000000000051     
0010011010100010001
  -324.00000000000057     
0011010000010111000
   1620.0000000000030     
0001110100000101100
   1620.0000000000030     
1001000001011101000
  -420.00000000000080     
1000001011101000001
  -420.00000000000080     
0001011101000001001
  -420.00000000000080     
1000010100110010100
  -351.00000000000063     
0101000010110010100
  -216.00000000000060     
0100011010000110100
  -351.00000000000045     
0011000110000110100
  -459.00000000000091     
0010110001000110100
   999.00000000000159     
0010110000110001100
  -459.00000000000074     
0010110000101100010
  -351.00000000000011     
0100100011100010010
  -351.00000000000057     
0010100110100001010
  -216.00000000000054     
0010100110010100001
  -351.00000000000063     
1000011000011011000
   108.00000000000007     
1000001101100001100
   108.00000000000007     
0011000011011000001
   108.00000000000007     
0001101100001100001
   108.00000000000007     
0011001000101010100
   774.00000000000171     
0100011001010001100
  -198.00000000000074     
0011000101010001100
  -198.00000000000023     
0010101010001001100
   774.00000000000125     
0100100100110100010
  -486.00000000000085     
0100011001001100010
  -198.00000000000043     
0011000101001100010
  -198.00000000000060     
0100010110010010010
  -486.00000000000080     
1000100010101011000
  -288.00000000000057     
0101000100011011000
   972.00000000000171     
1000010101000111000
   162.00000000000031     
0101000011000111000
   162.00000000000031     
1000001110001010100
   162.00000000000043     
1000001101010100010
  -288.00000000000045     
0001110001100001010
   162.00000000000034     
0001101100010001010
   972.00000000000193     
0100010101011000001
  -288.00000000000057     
0010101000111000001
   162.00000000000031     
0001110001010100001
   162.00000000000043     
0001101010100010001
  -288.00000000000045     
0101000001111000010
  -450.00000000000057     
0100001111000001010
  -450.00000000000057     
0110000001011101000
   1260.0000000000023     
0001011101000000110
   1260.0000000000023     
0100100101001010100
   648.00000000000102     
0010101001010010010
   648.00000000000068     
0100101000100111000
   1053.0000000000016     
1000010100101100100
  -162.00000000000034     
0101000010101100100
   648.00000000000125     
0100101000011100100
  -161.99999999999997     
1000010011010010100
  -162.00000000000043     
0100100011100001100
   243.00000000000017     
0011000011100010010
   243.00000000000028     
0010011100001010010
  -162.00000000000026     
0001110010001010010
   1053.0000000000016     
0010011010100001010
   648.00000000000114     
0010100101100100001
  -162.00000000000034     
0010011010010100001
  -162.00000000000043     
1000100001110100100
  -405.00000000000063     
1000010010111000010
  -405.00000000000063     
0100001110100100001
  -405.00000000000063     
0010010111000010001
  -405.00000000000063     
0010110000101010100
   702.00000000000080     
0010101010000110100
   702.00000000000102     
0100010110010001100
   918.00000000000148     
0100100011010100010
   702.00000000000114     
0100011000110100010
  -162.00000000000020     
0011000100110100010
   918.00000000000114     
0100010110001100010
  -162.00000000000028     
0100010101100010010
   702.00000000000125     
0100100100110010100
   486.00000000000114     
0100011001001010100
   396.00000000000057     
0011000101001010100
   396.00000000000119     
0010101001010001100
   396.00000000000102     
0010101001001100010
   396.00000000000040     
0010100110010010010
   486.00000000000102     
1000010100101011000
   801.00000000000159     
0101000010101011000
   576.00000000000102     
0100101000011011000
   486.00000000000114     
0011001000100111000
   396.00000000000102     
1000010011001100100
   666.00000000000102     
0011001000011100100
   666.00000000000114     
1000001101010010100
   801.00000000000171     
0011000011100001100
  -549.00000000000102     
0010011100001001100
   666.00000000000091     
0001110010001001100
   396.00000000000097     
0001101100001010010
   486.00000000000097     
0001101010100001010
   576.00000000000068     
0010100101011000001
   801.00000000000159     
0010011001100100001
   666.00000000000102     
0001101010010100001
   801.00000000000171     
1000100010011101000
   720.00000000000136     
1000100001110011000
   90.000000000000099     
1000001110000111000
  -90.000000000000185     
1000001100111000010
   90.000000000000043     
1000001011100100010
   720.00000000000159     
0100010011101000001
   720.00000000000136     
0100001110011000001
   90.000000000000099     
0001110000111000001
  -90.000000000000185     
0001100111000010001
   90.000000000000043     
0001011100100010001
   720.00000000000159     
1001000000111110000
   945.00000000000171     
1000000111110000001
   945.00000000000171     
0000111110000001001
   945.00000000000171     
0100100101000111000
  -486.00000000000102     
0100010101100001100
  -486.00000000000068     
0011000011010100010
  -486.00000000000045     
0001110001010010010
  -486.00000000000063     
0101000001110100100
   810.00000000000171     
0010010111000001010
   810.00000000000148     
0100100100101100100
   729.00000000000148     
0100100011010010100
   54.000000000000135     
0100011000110010100
   567.00000000000125     
0011000100110010100
   297.00000000000057     
0100010110001010100
   324.00000000000040     
0010100110010001100
   297.00000000000068     
0100010101010100010
   756.00000000000148     
0010101000110100010
   324.00000000000028     
0010100110001100010
   567.00000000000125     
0010100101100010010
   54.000000000000234     
0010011010010010010
   729.00000000000125     
1000010011001011000
  -108.00000000000017     
0011001000011011000
  -1998.0000000000039     
0010110000100111000
  -2133.0000000000032     
1000010010110100100
   567.00000000000091     
1000001101001100100
  -108.00000000000045     
0010110000011100100
  -108.00000000000045     
0010011100000110100
  -108.00000000000033     
0001110010000110100
  -2133.0000000000041     
0001101100001001100
  -1998.0000000000039     
0100100010111000010
   432.00000000000051     
0100001110100010010
   432.00000000000040     
0010011001011000001
  -108.00000000000017     
0010010110100100001
   567.00000000000091     
0001101001100100001
  -108.00000000000045     
1000100001101101000
   675.00000000000114     
1000001011011000010
   675.00000000000102     
0100001101101000001
   675.00000000000114     
0001011011000010001
   675.00000000000102     
0110000000111110000
  -2835.0000000000032     
0000111110000000110
  -2835.0000000000032     
0010101001001010100
  -792.00000000000171     
0100011001000111000
   648.00000000000125     
0011000101000111000
   648.00000000000125     
0001110001010001100
   648.00000000000102     
0001110001001100010
   648.00000000000125     
1000010100011101000
  -180.00000000000043     
0101000010011101000
  -1440.0000000000027     
0101000001110011000
  -180.00000000000037     
1000001011100010100
  -180.00000000000040     
0001100111000001010
  -180.00000000000026     
0001011100100001010
  -1440.0000000000030     
0010100011101000001
  -180.00000000000043     
0001011100010100001
  -180.00000000000040     
0100100100101011000
  -1053.0000000000018     
0100100011001100100
  -1377.0000000000025     
0100011000101100100
   243.00000000000017     
0011000100101100100
  -1377.0000000000025     
0011000011010010100
   648.00000000000091     
0010100101100001100
   648.00000000000057     
0010011010010001100
  -1377.0000000000025     
0010011010001100010
   243.00000000000040     
0010011001100010010
  -1377.0000000000025     
0001101010010010010
  -1053.0000000000020     
1000010010110011000
   324.00000000000074     
1000001101001011000
  -201.00000000000043     
0010110000011011000
   324.00000000000136     
1000001100110100100
   324.00000000000080     
0001101100000110100
   324.00000000000108     
0100001110100001100
   729.00000000000136     
0011000010111000010
   729.00000000000136     
0010010110011000001
   324.00000000000074     
0001101001011000001
  -201.00000000000043     
0001100110100100001
   324.00000000000080     
0100010101010010100
  -648.00000000000068     
0010101000110010100
  -1134.0000000000016     
0010100110001010100
  -1134.0000000000016     
0010100101010100010
  -648.00000000000000     
0100010110000111000
  -54.000000000000078     
0100010100111000010
   486.00000000000074     
0100010011100100010
  -1404.0000000000025     
0100001110010100010
   486.00000000000091     
0001110000110100010
  -54.000000000000568     
0101000001101101000
  -1350.0000000000023     
0001011011000001010
  -1350.0000000000020     
0100100011001011000
   729.00000000000171     
0100011000101011000
  -1296.0000000000023     
0011000100101011000
  -846.00000000000261     
0010101001000111000
  -1296.0000000000025     
0100100010110100100
  -486.00000000000097     
0011000011001100100
   801.00000000000125     
0001110001001010100
  -1296.0000000000025     
0010011001100001100
   801.00000000000125     
0001101010010001100
  -846.00000000000284     
0001101010001100010
  -1296.0000000000023     
0010010110100010010
  -486.00000000000080     
0001101001100010010
   729.00000000000125     
1000010010101101000
  -1215.0000000000025     
1000001100110011000
  -1422.0000000000034     
1000001011010100100
  -1215.0000000000023     
0010010101101000001
  -1215.0000000000025     
0001100110011000001
  -1422.0000000000034     
0001011010100100001
  -1215.0000000000023     
1000010001111000100
   450.00000000000063     
0010001111000100001
   450.00000000000063     
1000100001011110000
  -1575.0000000000030     
1000000111101000010
  -1575.0000000000030     
0100001011110000001
  -1575.0000000000030     
0000111101000010001
  -1575.0000000000030     
0100010101001100100
  -486.00000000000051     
0010101000101100100
  -486.00000000000102     
0010011010001010100
  -486.00000000000119     
0010011001010100010
  -486.00000000000045     
0100100100011101000
  -648.00000000000182     
0100010011011000010
  -648.00000000000068     
0100001101100100010
  -648.00000000000114     
0001011100010010010
  -648.00000000000136     
0010100101010010100
  -1107.0000000000025     
0100100010110011000
  -702.00000000000114     
0011000011001011000
  -1647.0000000000027     
0010100110000111000
   378.00000000000051     
0011000010110100100
  -1377.0000000000020     
0100010011100010100
   648.00000000000102     
0100001110010010100
  -1242.0000000000020     
0001110000110010100
   378.00000000000057     
0010010110100001100
  -1377.0000000000020     
0001101001100001100
  -1647.0000000000025     
0010100100111000010
  -1242.0000000000016     
0010100011100100010
   648.00000000000045     
0001100110100010010
  -702.00000000000125     
1000001100101101000
   270.00000000000074     
1000001011010011000
   270.00000000000040     
0001100101101000001
   270.00000000000074     
0001011010011000001
   270.00000000000040     
0100010101001011000
  -558.00000000000125     
0010101000101011000
   2592.0000000000041     
0100010100110100100
  -1458.0000000000032     
0001101010001010100
   2592.0000000000055     
0010010110010100010
  -1458.0000000000032     
0001101001010100010
  -558.00000000000125     
0100011000011101000
   324.00000000000080     
0011000100011101000
   2844.0000000000064     
0001110001000111000
   4374.0000000000100     
0001011100010001100
   2844.0000000000064     
0100001101011000010
  -1206.0000000000020     
0001011100001100010
   324.00000000000108     
1000010001110101000
  -900.00000000000171     
1000001010111000100
  -900.00000000000193     
0010001110101000001
  -900.00000000000171     
0001010111000100001
  -900.00000000000193     
0101000001011110000
   3150.0000000000050     
0000111101000001010
   3150.0000000000050     
0010100101001100100
   1296.0000000000030     
0010011001010010100
   1296.0000000000034     
0100100010101101000
   1296.0000000000027     
0011000010110011000
   486.00000000000159     
0010011010000111000
   81.000000000000298     
0100001110001100100
   81.000000000000568     
0001110000101100100
   81.000000000000298     
0100001101100010100
  -729.00000000000125     
0001100110100001100
   486.00000000000165     
0010100011011000010
  -729.00000000000159     
0010011000111000010
   81.000000000000313     
0001011010100010010
   1296.0000000000027     
1000001011001101000
   345.00000000000080     
0100100001111000100
  -810.00000000000239     
0010001111000010010
  -810.00000000000250     
0001011001101000001
   345.00000000000080     
1000010010011110000
   405.00000000000074     
1000000111100100100
   405.00000000000040     
0010010011110000001
   405.00000000000074     
0000111100100100001
   405.00000000000040     
0100010100110011000
   1944.0000000000032     
0100010011010100100
   1404.0000000000020     
0010100011100010100
  -756.00000000000057     
0010010101100100010
   1404.0000000000016     
0001100110010100010
   1944.0000000000025     
0010100101001011000
   1719.0000000000036     
0010100100110100100
   1944.0000000000027     
0010011001001100100
  -603.00000000000034     
0010010110010010100
   1944.0000000000030     
0001101001010010100
   1719.0000000000041     
0011000010101101000
   2187.0000000000050     
0010101000011101000
  -648.00000000000193     
0100001110001011000
   387.00000000000028     
0001110000101011000
  -873.00000000000250     
0001101010000111000
  -873.00000000000250     
0001011100001010100
  -648.00000000000148     
0001011010100001100
   2187.0000000000055     
0001101000111000010
   387.00000000000068     
1000001010110101000
   1800.0000000000041     
0011000001111000100
   180.00000000000026     
0010001111000001100
   180.00000000000026     
0100001011101000010
   1800.0000000000027     
0001010110101000001
   1800.0000000000041     
1000010001101110000
   2250.0000000000045     
1000001100011110000
   45.000000000000377     
1000000111100011000
   45.000000000000242     
1000000111011000100
   2250.0000000000050     
0010001101110000001
   2250.0000000000045     
0001100011110000001
   45.000000000000377     
0000111100011000001
   45.000000000000242     
0000111011000100001
   2250.0000000000050     
0100010100101101000
   1458.0000000000032     
0100010011010011000
  -972.00000000000239     
0100001101010100100
   1458.0000000000020     
0010010101011000010
   1458.0000000000018     
0001100101100100010
  -972.00000000000227     
0001011010010100010
   1458.0000000000032     
0100100001110101000
   1620.0000000000030     
0001010111000010010
   1620.0000000000036     
0010100100110011000
   378.00000000000102     
0010011001001011000
   1053.0000000000020     
0010100011010100100
   837.00000000000125     
0010011000110100100
   1053.0000000000014     
0010010110001100100
   1053.0000000000016     
0001101001001100100
   1053.0000000000023     
0010010101100010100
   837.00000000000102     
0001100110010010100
   378.00000000000148     
0100010010111000100
   864.00000000000239     
0010001110100100010
   864.00000000000250     
0100100010011110000
   1350.0000000000032     
0000111100100010010
   1350.0000000000027     
0100010011001101000
   936.00000000000227     
0100001101010011000
   1656.0000000000036     
0001100101011000010
   1656.0000000000034     
0001011001100100010
   936.00000000000273     
0011000001110101000
  -360.00000000000148     
0001110000011101000
   360.00000000000057     
0001011100000111000
   360.00000000000068     
0001010111000001100
  -360.00000000000165     
1000001010101110000
  -720.00000000000159     
1000000111010101000
  -720.00000000000148     
0001010101110000001
  -720.00000000000159     
0000111010101000001
  -720.00000000000148     
0010100100101101000
  -3726.0000000000073     
0010100011010011000
   1134.0000000000023     
0010011000110011000
  -3564.0000000000082     
0010010110001011000
  -891.00000000000080     
0001101001001011000
  -4566.0000000000109     
0001101000110100100
  -891.00000000000068     
0001100110001100100
  -3564.0000000000086     
0001100101100010100
   1134.0000000000030     
0001011010010010100
  -3726.0000000000082     
0100001100111000100
   1458.0000000000036     
0100001011100100100
   810.00000000000227     
0010010011101000010
   810.00000000000250     
0010001110011000010
   1458.0000000000030     
0100100001101110000
  -4050.0000000000082     
0011000010011110000
  -6075.0000000000118     
0000111100100001100
  -6075.0000000000118     
0000111011000010010
  -4050.0000000000073     
1000001001111001000
   1050.0000000000027     
0001001111001000001
   1050.0000000000027     
0010010101010100100
  -1674.0000000000036     
0100010010110101000
  -1728.0000000000030     
0100001101001101000
  -918.00000000000136     
0010100010111000100
   972.00000000000216     
0010001110100010100
   972.00000000000193     
0001011001011000010
  -918.00000000000171     
0001010110100100010
  -1728.0000000000027     
0100010100011110000
  -810.00000000000125     
0000111100010100010
  -810.00000000000114     
0100000111110000010
   1890.0000000000036     
0010100011001101000
  -2907.0000000000059     
0010011000101101000
   243.00000000000128     
0001101000110011000
   738.00000000000193     
0001100110001011000
   738.00000000000114     
0001011010001100100
   243.00000000000003     
0001011001100010100
  -2907.0000000000073     
0100001011100011000
  -405.00000000000080     
0100001011011000100
  -2430.0000000000045     
0010001101101000010
  -2430.0000000000036     
0001100011101000010
  -405.00000000000051     
0011000001101110000
   900.00000000000045     
0000111011000001100
   899.99999999999977     
1000001001110110000
  -3150.0000000000068     
1000000111001110000
   225.00000000000068     
1000000110111001000
  -3150.0000000000073     
0001001110110000001
  -3150.0000000000068     
0000111001110000001
   225.00000000000068     
0000110111001000001
  -3150.0000000000073     
0010010101010011000
  -2268.0000000000050     
0001100101010100100
  -2268.0000000000050     
0100001100110101000
  -2916.0000000000050     
0001010110011000010
  -2916.0000000000045     
0010100010110101000
  -1944.0000000000045     
0001101000101101000
   1161.0000000000034     
0001011010001011000
   1161.0000000000030     
0010010100111000100
  -2484.0000000000045     
0010010011100100100
  -2754.0000000000041     
0010001110010100100
  -2484.0000000000045     
0001010110100010100
  -1944.0000000000050     
0100010010101110000
  -2160.0000000000032     
0010100100011110000
   1485.0000000000032     
0000111100010010100
   1485.0000000000027     
0000111010100100010
  -2160.0000000000050     
1000000110110110000
   945.00000000000193     
0000110110110000001
   945.00000000000193     
0010010101001101000
  -486.00000000000244     
0001100101010011000
  -1476.0000000000039     
0001011001010100100
  -486.00000000000244     
0100001011010101000
  -1440.0000000000027     
0001010101101000010
  -1440.0000000000027     
0100010001111001000
  -1800.0000000000032     
0001001111000100010
  -1800.0000000000034     
0010010011100011000
   1377.0000000000034     
0010001110010011000
   162.00000000000048     
0010010011011000100
  -648.00000000000148     
0001100100111000100
   161.99999999999972     
0010001101100100100
  -648.00000000000091     
0001100011100100100
   1377.0000000000036     
0100001100101110000
   1215.0000000000014     
0010011000011110000
   405.00000000000011     
0000111100001100100
   405.00000000000040     
0000111010011000010
   1215.0000000000016     
0100000111101000100
  -3240.0000000000073     
0010001011110000010
  -3240.0000000000073     
0010010100110101000
   4968.0000000000109     
0001100101001101000
   6048.0000000000136     
0001011001010011000
   6048.0000000000118     
0001010110010100100
   4968.0000000000127     
0010100010101110000
   6480.0000000000118     
0000111010100010100
   6480.0000000000146     
0100010001110110000
   5400.0000000000091     
0000110111000100010
   5400.0000000000091     
0010001110001101000
   774.00000000000068     
0010001101100011000
  -1656.0000000000043     
0001100011100011000
  -2421.0000000000055     
0010001101011000100
   3204.0000000000064     
0001100011011000100
  -1656.0000000000039     
0001011000111000100
   774.00000000000068     
0100001011001110000
   450.00000000000040     
0001101000011110000
  -900.00000000000136     
0100001010111001000
   3600.0000000000064     
0010100001111001000
   450.00000000000159     
0000111100001011000
  -900.00000000000148     
0001001111000010100
   450.00000000000159     
0001001110101000010
   3600.0000000000059     
0000111001101000010
   450.00000000000040     
1000000101111010000
   4725.0000000000109     
0000101111010000001
   4725.0000000000109     
0010010011010101000
   2916.0000000000068     
0001100100110101000
  -324.00000000000165     
0001011001001101000
  -1374.0000000000041     
0001010110010011000
  -324.00000000000159     
0001010101100100100
   2916.0000000000068     
0100000111100101000
   810.00000000000159     
0001010011110000010
   810.00000000000080     
0010010100101110000
  -1485.0000000000025     
0000111010010100100
  -1485.0000000000018     
0100001010110110000
   3375.0000000000059     
0010100001110110000
  -1349.9999999999991     
0000110111000010100
  -1350.0000000000002     
0000110110101000010
   3375.0000000000059     
0010001101010101000
   2592.0000000000055     
0001100011010101000
   3492.0000000000077     
0001011000110101000
  -1548.0000000000027     
0001010110001101000
  -1548.0000000000020     
0001010101100011000
   3492.0000000000091     
0001010101011000100
   2592.0000000000059     
0010001011101000100
   4140.0000000000064     
0100000111011001000
   4860.0000000000109     
0001001101110000010
   4860.0000000000100     
0010010011001110000
   2430.0000000000050     
0001100100101110000
  -1620.0000000000041     
0010010010111001000
   1620.0000000000025     
0000111010010011000
  -1620.0000000000039     
0001001110100100100
   1620.0000000000030     
0000111001100100100
   2430.0000000000050     
0100000111010110000
  -1350.0000000000027     
0000110101110000010
  -1350.0000000000025     
0001010101010101000
  -8064.0000000000182     
0010010010110110000
  -8505.0000000000200     
0010001101001110000
  -990.00000000000057     
0001100011001110000
  -11115.000000000025     
0001011000101110000
   765.00000000000148     
0010001100111001000
  -7110.0000000000164     
0001100010111001000
  -810.00000000000102     
0010001011100101000
   1440.0000000000027     
0000111010001101000
   765.00000000000193     
0001001110100011000
  -810.00000000000114     
0000111001100011000
  -11115.000000000024     
0001010011101000100
   1440.0000000000023     
0001001110011000100
  -7110.0000000000173     
0000111001011000100
  -990.00000000000057     
0000110110100100100
  -8505.0000000000200     
0100001001111010000
  -7875.0000000000155     
0000101111001000010
  -7875.0000000000146     
1000000011111100000
  -10395.000000000024     
0000011111100000001
  -10395.000000000024     
0010001100110110000
   1080.0000000000036     
0001100010110110000
   2025.0000000000048     
0010001011011001000
  -6210.0000000000118     
0000110110100011000
   2025.0000000000032     
0001001101101000100
  -6210.0000000000127     
0000110110011000100
   1080.0000000000025     
0100000110111010000
  -7560.0000000000136     
0010000111110000100
   3375.0000000000064     
0000101110110000010
  -7560.0000000000136     
0001010101001110000
   2880.0000000000068     
0001010100111001000
   1620.0000000000050     
0001010011100101000
  -5310.0000000000146     
0001001110010101000
   1620.0000000000036     
0000111001010101000
   2880.0000000000068     
0010001011010110000
  -4050.0000000000091     
0000110101101000100
  -4050.0000000000082     
0010010001111010000
   2025.0000000000023     
0000101111000100100
   2025.0000000000023     
0001010100110110000
   1620.0000000000036     
0001010011011001000
  -2160.0000000000045     
0001001101100101000
  -2160.0000000000045     
0000110110010101000
   1620.0000000000018     
0001001110001110000
  -900.00000000000364     
0000111001001110000
  -1800.0000000000036     
0000111000111001000
  -900.00000000000148     
0001100001111010000
   224.99999999999866     
0010000111101001000
  -6075.0000000000127     
0000101111000011000
   224.99999999999969     
0001001011110000100
  -6075.0000000000127     
0001010011010110000
   12150.000000000029     
0001001101011001000
   11940.000000000033     
0000110101100101000
   12150.000000000031     
0010001010111010000
   12960.000000000031     
0000101110101000100
   12960.000000000033     
0100000101111100000
   17010.000000000033     
0000011111010000010
   17010.000000000036     
0000111000110110000
   675.00000000000023     
0000110110001110000
   675.00000000000091     
0010000111100110000
   1350.0000000000027     
0000110011110000100
   1350.0000000000041     
0001001101010110000
  -1800.0000000000055     
0000110101011001000
  -1800.0000000000061     
0001010010111010000
  -3240.0000000000059     
0001001011101001000
   8625.0000000000218     
0000101110100101000
  -3240.0000000000064     
0010000111011010000
   10125.000000000016     
0000101101110000100
   10125.000000000020     
0000110101010110000
  -4050.0000000000100     
0001001100111010000
  -3690.0000000000123     
0001001011100110000
   4500.0000000000109     
0000110011101001000
   4500.0000000000082     
0000101110011001000
  -3690.0000000000100     
0010001001111100000
  -4410.0000000000073     
0000011111001000100
  -4410.0000000000091     
0001001011011010000
  -18225.000000000047     
0000110100111010000
   675.00000000000205     
0000110011100110000
  -20250.000000000044     
0000101110010110000
   675.00000000000273     
0000101101101001000
  -18225.000000000047     
0010000110111100000
  -23625.000000000047     
0000011110110000100
  -23625.000000000055     
0001010001111100000
  -630.00000000000125     
0001000111110001000
   6300.0000000000146     
0000011111000101000
  -630.00000000000125     
0000110011011010000
   4050.0000000000086     
0000101101100110000
   4050.0000000000073     
0000101101011010000
   6750.0000000000209     
0001001010111100000
   7875.0000000000146     
0001000111101010000
  -12600.000000000025     
0000101011110001000
  -12600.000000000025     
0000011110101001000
   7875.0000000000155     
0000110010111100000
   944.99999999999875     
0000011110100110000
   945.00000000000216     
0000101011101010000
   25200.000000000062     
0001000111011100000
   31500.000000000076     
0000011101110001000
   31500.000000000076     
0000101100111100000
  -2835.0000000000023     
0000011110011010000
  -2835.0000000000041     
0000101011011100000
  -11025.000000000022     
0000011101101010000
  -11025.000000000022     
0000100111110010000
   14175.000000000025     
0000011101011100000
   4410.0000000000027     
0000100111101100000
  -42525.000000000102     
0000011011110010000
  -42525.000000000102     
0000011011101100000
   13230.000000000035     
0000010111110100000
   62370.000000000138     
0000001111111000000
  -135135.00000000038     
